# Ordered calibration identifiers; no image data. Frozen evaluated split.
407783
63217
520208
226631
89902
508311
421833
482525
525999
493978
218762
259879
464322
361030
180851
35429
564676
40042
276931
59618
346849
14783
205474
379467
442414
15346
247720
2459
23434
434410
424254
322755
551710
397735
148299
344741
15388
172340
532398
354794
346295
106638
453037
80556
209868
304566
63754
511279
65166
53450
557394
2697
8965
575421
134188
536831
166575
99908
529691
51851
467027
318730
236080
163385
7827
481648
273446
440819
403627
274768
365431
328792
491836
450597
144273
65280
43555
396793
52986
546824
494711
141855
118703
28820
285548
482957
562846
495051
140787
439364
119192
359131
368274
470095
307137
269109
551836
117089
354955
555939
486298
31597
572391
347313
370899
558426
201368
116223
518941
119225
283530
21510
385390
463611
126914
76877
52527
514071
424580
495134
367029
389996
236138
342808
496765
346013
51100
238178
