# Ordered calibration identifiers; no image data. Frozen evaluated split.
83656 232
63708 729
90795 837
63998 339
68172 986
76361 841
71837 582
51805 429
70052 0
22049 512
24972 762
57798 680
59634 876
80920 222
53525 996
10725 928
64511 556
27830 169
52021 590
90871 22
16980 734
58130 450
75479 180
863 184
27758 283
86021 715
14574 809
30927 848
12574 966
11912 997
38192 195
20115 242
10651 410
44155 167
51033 821
37591 357
9963 336
22563 883
21561 868
40618 439
9004 953
49787 760
7137 246
58896 255
70139 151
73055 484
64020 202
11317 888
66425 833
68568 766
25632 14
31431 701
16281 315
51155 72
58018 737
78002 253
611 71
23554 508
6046 307
53115 269
22187 166
88545 359
88063 952
55487 860
31246 634
9420 379
47442 436
79275 685
10254 481
77189 142
60305 66
9537 231
8519 125
83256 947
76710 690
17040 990
56569 645
59070 128
81589 544
50115 434
61730 564
90273 221
40427 681
59169 750
71923 810
40200 141
82574 589
89773 420
72058 346
46510 890
22608 157
87434 153
65709 902
47223 614
53196 55
1111 344
66541 87
27003 501
62322 813
19300 745
87335 907
44134 722
16067 918
9667 702
40352 368
54373 791
15322 308
2308 217
6889 699
23121 36
46545 780
79174 705
19534 865
18390 103
85323 140
76417 536
42436 805
88880 134
66658 908
40522 566
70350 774
91142 643
58799 832
15936 559
26766 203
76584 814
86201 761
23766 898
52746 176
75495 846
35498 131
14212 818
5304 96
31665 257
36288 323
3298 917
68594 94
58505 812
9240 273
40348 733
84003 294
81056 189
56991 573
18874 915
66521 318
59403 606
80482 624
53233 408
56953 225
26367 123
32443 120
83886 431
75121 400
85971 409
1706 29
1279 32
11468 451
12337 800
24669 136
16283 385
16566 567
47594 77
51447 655
14965 794
27392 198
58112 842
9937 493
58141 992
36532 610
51701 453
79351 425
46939 319
67084 311
53450 555
14903 770
89600 438
72882 786
27644 304
72955 720
85494 266
86274 327
6869 177
1854 175
40760 401
24856 972
67094 316
40043 335
31591 16
570 873
48081 618
26245 49
18929 145
40568 910
43987 581
1529 293
83824 392
64133 521
11804 390
8582 56
67217 97
83601 609
84889 364
31074 592
83413 981
87976 337
9283 155
73715 660
53820 765
29124 911
81571 620
75285 260
61624 265
49498 995
37353 866
72102 518
78136 249
33582 687
37012 983
45937 914
44613 42
58142 306
75692 394
1440 927
58399 580
63221 133
77253 204
53155 468
14191 562
72708 616
6882 735
5424 851
2557 388
34150 414
76431 696
56695 421
12981 675
52844 782
31248 629
36855 625
46760 20
47491 732
62234 391
65715 847
88189 912
57528 275
78035 435
87829 895
76403 268
48010 11
34786 205
63452 428
5165 194
50666 744
21812 162
65714 119
53205 186
4878 224
48166 245
71782 12
43750 372
59302 543
36845 721
28595 622
16490 178
16241 881
57788 711
15493 387
88441 321
2318 23
76999 487
65724 33
39291 137
443 638
39510 475
3127 333
78594 657
51749 483
57454 461
48560 611
55782 790
59004 852
28706 365
74408 985
67666 413
79989 478
45899 163
5942 45
90830 489
88851 830
29583 345
73247 977
18135 393
81122 201
67338 54
7293 938
71529 92
15358 100
17480 386
22111 462
4837 445
33129 896
52558 900
3857 236
10072 191
83532 784
63203 181
61224 513
74785 340
24872 528
8429 587
15704 1
52189 331
74300 764
90213 989
12639 836
5127 115
78228 10
73121 533
21216 403
2091 190
33346 627
51029 101
670 819
21266 646
25807 870
5707 279
68200 726
6120 738
77164 688
41796 490
30155 798
21777 594
9589 75
70306 653
83986 772
10438 623
78064 799
45728 406
56197 574
65539 593
5269 93
17298 525
210 541
26674 219
10053 552
66221 727
38934 399
25556 683
36431 183
53727 90
47771 495
12793 937
90950 820
10306 571
56598 843
58357 243
52578 882
28016 239
7597 156
51652 516
63238 885
22557 920
73196 577
29435 903
90635 152
50851 330
58620 18
3499 78
82111 600
26492 942
19344 83
76372 188
41340 317
7002 608
78547 752
36624 570
43343 706
45913 929
74354 758
54897 143
65385 654
49156 923
62442 465
82244 135
77200 803
31854 373
56083 67
84686 375
34795 362
54028 839
48005 684
75632 845
29896 396
52108 692
88986 458
65825 91
57629 381
16515 411
2590 507
77805 338
12108 598
29323 124
75616 64
22279 795
74816 85
9721 825
55738 274
91480 477
58688 179
7450 272
38584 557
3510 789
43967 62
18606 369
86173 432
31358 993
30109 173
10127 631
49574 633
42597 494
22051 295
32198 621
15103 229
45250 404
2338 196
17275 747
59040 542
77315 25
31945 935
80883 886
10143 129
16100 602
79081 2
33275 777
1605 863
26374 578
77033 940
33649 840
72549 862
27356 730
59570 460
46971 146
16894 644
45843 9
44923 430
10650 82
7215 936
59215 17
78667 913
88369 213
89713 871
47743 206
18436 740
60905 89
23951 550
21976 741
73232 978
4098 300
15380 531
75537 894
11223 415
44639 988
11276 976
69681 95
3042 974
59785 263
8219 57
38037 714
18814 697
55491 80
38515 380
43623 834
35195 700
63004 212
76740 785
9171 678
83006 214
41341 961
21031 648
26233 303
71139 650
50609 854
72504 278
35135 4
82585 130
32297 250
57403 226
86457 211
29625 530
5429 723
62050 171
30711 6
65167 707
72130 299
23431 422
90876 109
22599 965
3466 640
5943 237
50002 746
54734 342
43142 743
60199 716
6500 298
82137 492
81638 759
51364 946
47977 958
37098 519
26453 553
44776 951
5709 728
74944 588
58980 867
80175 934
47785 98
31482 595
67056 792
6762 537
40357 282
79863 407
80888 603
45457 597
72415 739
87617 849
48482 523
14419 628
74121 51
43477 899
28906 39
22354 788
56868 534
61596 591
29373 994
21490 24
21228 932
72292 670
25927 797
37627 471
59765 897
72371 926
43927 281
55016 811
20779 296
13083 793
88114 751
3924 658
79839 148
58824 354
59751 669
23367 443
6494 161
30451 979
47128 615
19401 945
17893 360
36736 549
39495 456
10848 835
64838 661
34841 511
48255 781
85315 632
69213 968
72155 447
89059 662
76446 505
32091 122
34417 480
82569 694
73119 891
17534 320
30998 324
63749 349
70853 127
7881 426
57735 5
87288 353
86077 238
54927 216
41991 117
74681 874
8137 366
44119 27
67092 717
68508 398
23851 165
42424 948
22124 776
34565 551
59954 312
19209 433
85241 641
71298 334
24336 185
61109 377
27268 748
19762 459
24727 288
70028 252
56393 259
60925 223
55818 88
55930 596
87362 991
32291 326
73934 806
42629 114
4227 939
45141 962
44227 244
39272 703
65734 104
63587 973
20280 855
57725 341
66225 673
17654 416
65880 170
17759 971
45883 485
56340 313
87260 37
62483 636
40612 38
41789 382
76929 138
87580 118
60704 35
34575 110
48633 787
51445 220
47866 496
44487 486
12996 376
85666 474
78867 149
6547 857
90308 671
8853 86
24116 718
73329 199
9204 200
3953 924
10121 575
20562 664
39444 689
34914 665
83236 21
64473 383
35040 52
63667 132
44145 526
78036 440
63490 925
34465 783
34942 48
17032 84
67762 107
36848 102
3955 527
35982 233
54324 352
88866 466
40340 509
66085 168
49387 343
80399 757
67968 822
85182 827
1980 7
71346 583
23662 65
81625 639
32980 619
2957 880
1545 482
51561 46
27289 347
19276 905
63447 753
44663 719
11561 815
74762 256
59718 828
65413 773
62199 444
32238 70
67083 878
3304 370
42587 412
64780 649
60037 554
47795 113
41959 892
46653 906
26457 310
71631 861
47425 954
90468 469
56786 50
82374 147
30582 999
28874 756
86202 605
438 691
36733 276
46158 931
18806 106
70760 754
4341 510
59463 967
23065 704
83332 488
12627 713
37893 503
75332 804
57508 208
86820 889
75263 424
77963 576
36714 651
78109 779
23324 677
36961 378
57000 277
54289 358
70445 956
82491 389
16575 79
91387 709
80637 674
61629 775
86137 81
67644 43
7 579
88882 291
61294 30
67535 853
44996 693
14389 26
11069 479
22047 464
17504 642
70025 34
53168 801
12819 126
25038 736
84207 637
14741 856
73355 402
90393 251
64582 859
61905 565
14701 264
78009 73
82503 15
79440 826
82666 710
48439 287
47725 547
58499 418
46273 187
78629 405
90486 329
31001 612
47029 504
56958 172
83554 844
49305 893
56911 904
22685 111
66869 13
13071 921
1274 887
27545 540
43065 944
37898 539
71352 292
76771 361
88289 569
56640 663
86729 838
22623 666
30265 197
29067 302
3839 879
68929 767
40874 980
61231 159
52811 964
8307 452
10801 635
37174 502
60371 647
48086 872
24253 585
3031 437
13911 982
51621 417
80711 427
87420 545
19080 802
84113 676
44151 522
27235 76
15788 563
3893 215
36599 930
72866 328
73285 240
5138 58
25228 829
80585 613
66565 998
29529 40
69250 218
78707 262
77147 442
28897 397
73083 506
38338 325
9295 498
67569 742
50735 108
5702 520
76804 712
55563 280
14837 363
38660 164
36910 755
43646 270
31797 210
52922 922
78651 154
89581 529
22720 626
4337 449
24267 41
42930 284
70400 572
18948 808
73914 532
44063 535
66564 254
28538 823
33575 356
70461 667
19069 234
29775 768
41303 3
12313 348
5205 227
63894 831
86749 652
7052 271
15482 350
80434 987
83600 121
68754 235
65750 47
33371 630
58146 209
6568 919
9728 74
20678 261
43417 698
947 724
75897 875
45515 858
73977 949
32027 144
68546 248
33669 558
64130 970
89449 297
50167 500
40675 916
14971 309
30436 230
960 19
44361 59
60929 514
24232 150
14789 241
1146 301
27879 731
66970 763
1492 182
532 869
66125 228
27325 472
34806 686
22291 749
58364 807
52348 289
59642 207
1223 116
87115 28
79211 695
88014 31
82890 769
5250 60
22954 395
82795 963
13276 193
27105 941
25921 160
76127 441
73580 778
76130 467
74336 771
13031 63
50840 824
30108 44
82907 538
60334 355
34269 286
69594 975
64199 617
14114 371
34087 586
43334 984
64073 105
70644 158
85131 473
6555 960
83187 454
86093 446
82084 267
31601 497
30540 969
4073 546
15239 491
46202 568
65181 943
10560 656
63053 561
83164 817
20157 659
23406 247
78302 796
41629 679
41917 374
20313 560
60760 314
56129 599
75552 112
86040 601
19856 174
87624 864
58568 99
22722 455
19032 955
9978 604
81597 901
91136 816
13716 384
86697 69
10374 725
19129 53
50006 258
83840 351
43075 668
63027 305
54221 672
75349 285
18098 8
36803 607
83564 476
29833 367
86572 884
48721 708
76319 909
71099 192
48264 457
67916 524
62270 959
3855 332
74177 448
23090 290
11425 517
11683 515
54243 877
80564 419
10590 499
47906 682
91413 139
88288 584
82918 548
18253 68
77531 463
46837 933
84320 957
10860 423
1067 470
25520 950
60535 61
74052 322
42830 850
